0.05656081
0.07933134
0.06700568
0.0145403
-0.07349171
0.0147212
0.1015068
-0.01445553
0.1193874
-0.05657388
-0.05202343
-0.008171327
0.03316477
-0.007622033
0.1205378
-0.1174083
0.09059253
0.1238368
0.04429528
-0.04635205
0.07922697
0.08701295
0.1229755
-0.1168437
0.0499855
0.00657104
0.1085047
0.04690507
0.01170386
-0.1047225
-0.07821885
-0.01166821
-0.05070703
0.122136
0.03567436
0.0657409
-0.1174014
-0.02974887
-0.03921454
0.1143638
0.001282305
0.05399312
-0.09526057
-0.05663713
0.1017745
0.0736914
-0.04070991
-0.0106978
-0.08829374
-0.06967132
-0.02248168
0.0546817
0.02995758
-0.003007986
-0.07627164
0.09454787
0.0813558
0.05884938
0.0895548
0.04493725
0.03121653
-0.0703983
0.09884061
0.09910995
-0.103355
0.08464478
-0.08246429
0.03602882
0.0817036
-0.07020308
0.1249932
-0.004658587
0.03805131
0.05493149
0.07736565
-0.09976615
0.05727351
0.05461267
-0.09361818
0.1012941
-0.07771905
-0.005797535
0.01019882
-0.04362483
0.04275917
-0.007900566
0.08337423
0.07730095
0.07340759
0.0661265
0.1093851
-0.0512508
0.005696326
0.04084821
-0.04185274
-0.05331939
0.08015251
-0.06937052
-0.0782821
-0.1078703
0.03115569
0.04826126
0.0325986
0.1069093
-0.06966449
0.1071769
-0.1083696
0.1000261
0.04462637
-0.1015055
-0.08772564
-0.09825688
0.02746756
0.1132607
-0.002343699
-0.08798593
0.04440288
0.01746544
-0.06864922
0.02954553
-0.1237295
-0.03476524
0.08762124
-0.1094229
-0.05458818
0.05124398
0.1146451
0.1222031
-0.02821576
0.005685031
-0.05491867
0.00164403
0.007894769
-0.1107479
-0.05486159
-0.0009803101
0.08660387
0.02828947
-0.09896034
0.06058227
-0.02453096
0.1083481
-0.09232542
0.04991308
0.02885213
0.08264197
0.04628164
0.01743563
-0.08180809
-0.07886681
0.02727772
-0.06231292
0.1242787
0.01717237
-0.1091408
-0.05907907
0.08564003
0.01702149
0.03649753
0.004091531
0.1175318
-0.1055727
0.003241837
-0.08605867
0.07841317
0.03563033
0.01884834
0.01321547
0.04312229
0.1236366
-0.04958981
-0.1088866
-0.008574225
-0.004231475
-0.0709235
-0.1070776
-0.06743982
-0.08729184
-0.01327503
-0.01223017
-0.1200377
-0.02779053
0.0790112
-0.07434896
0.1034073
-0.1176058
0.002365336
0.1157224
0.1233929
-0.1207825
0.03837967
-0.05541762
0.1167919
0.02194813
0.06805044
-0.04395826
-0.01989368
0.1187333
0.09649989
0.1182218
-0.06120637
-0.09193382
0.09931332
-0.08044471
0.095723
0.01116431
0.07126132
0.003510177
-0.03690413
0.1229368
-0.1166392
0.04793186
-0.09470347
-0.07627231
-0.0008707941
0.02032235
-0.05958389
-0.04740921
-0.06446598
0.07101893
-0.09173501
0.02812594
0.01482253
0.03890483
-0.03974305
-0.1191722
-0.1006785
0.09447764
0.05271809
0.09803475
0.03781609
-0.06117308
-0.05879173
-0.006496847
-0.07602379
0.09689616
-0.002103858
0.0344559
-0.04507195
-0.03275698
-0.06386706
0.1238552
0.02762654
-0.1245438
0.1208567
0.1154478
-0.08571415
0.06806424
-0.1021811
-0.07727192
-0.1093744
-0.09748448
0.05819924
-0.09951904
0.08495682
0.03566769
0.01824366
-0.0645915
0.08429834
0.08989519
-0.01315717
0.1017837
0.07579209
-0.009938896
-0.03987932
0.06953385
-0.01827641
0.03679337
0.1247515
0.02723305
-0.1025738
0.0309602
0.1226627
0.093291
0.009885997
-0.09059016
-0.1245006
0.01436636
0.04304811
-0.03019086
0.09154196
-0.04374277
0.07165872
0.004989997
0.08240913
0.01030056
0.005627677
-0.0842727
0.03354633
0.01330853
-0.0463475
-0.06251235
0.07515755
-0.009967133
0.1054002
-0.04065073
-0.07693693
-0.08743456
0.04033549
-0.07367714
0.008724213
0.002492487
0.06831276
-0.004414119
-0.09969813
-0.01533457
-0.09514721
0.08990824
0.01559497
0.05054699
0.03516829
-0.1211227
0.01736039
-0.01051079
0.1233532
-0.09441441
-0.09487506
-0.05419791
0.03265198
0.07482012
-0.06109382
-0.0590037
-0.121753
-0.01355704
-0.05141945
0.08493857
0.08080265
0.007629871
0.1128908
-0.07446329
0.1113468
0.08793396
0.09903085
-0.008274741
0.08608493
-0.03595053
0.01294447
-0.04892716
-0.02031187
-0.0272563
-0.01955222
0.04071943
0.02513233
0.1079994
0.1031402
-0.0502248
0.04512726
-0.03933165
-0.008320369
0.0748146
-0.07077567
0.102261
0.004913464
0.09051538
0.1124167
-0.05727208
-0.0007545501
-0.0431302
-0.07799467
-0.0596367
0.02886279
0.02222291
0.1020174
-0.03494174
0.06420022
0.07223433
-0.09515356
-0.09936487
0.02840427
0.03430377
0.01764113
0.07905211
0.09111395
-0.06509171
-0.03062766
0.02318674
0.04086396
-0.1047523
0.008302718
0.1238053
-0.08518869
-0.004865699
-0.1090498
-0.08692379
0.1213124
-0.1159142
-0.0419795
-0.1164845
0.004308566
0.01835702
0.08980401
-0.06892534
-0.09593249
-0.08567517
0.06888092
0.08322486
0.06370202
-0.06492593
-0.08120088
-0.0940941
-0.08007124
0.01949213
0.05726407
0.08237587
-0.06782652
-0.02482776
-0.113853
-0.05499482
-0.003856964
-0.03577005
0.02686395
-0.02100223
0.07356708
-0.07680001
-0.09944801
-0.09127152
0.006272674
0.06394121
-0.03125413
0.05511445
-0.01078617
-0.103669
0.02132656
-0.1149527
0.06949975
-0.03843354
0.04998459
0.05178913
-0.00897263
0.01114747
0.08448473
-0.0192101
0.1014486
-0.02260318
0.07887658
0.02031918
0.06287022
-0.06642563
0.1059027
0.02114014
0.1229388
-0.1119847
0.01237245
-0.08492137
0.1164931
-0.01419375
-0.01749242
0.1058675
-0.1112272
0.03515244
-0.0480478
0.1247608
0.09132819
-0.01131532
0.04169208
-0.1014022
0.1231656
0.04721682
-0.1121239
0.09560703
0.05018765
-0.0406421
0.07897781
0.1099956
0.004745215
-0.07892595
0.002549201
-0.02882973
-0.0306766
0.005232811
-0.02914175
-0.0523017
0.08303848
0.07260573
0.0571757
-0.02380148
0.008958519
-0.01875206
-0.1064458
-0.0413065
0.1040589
0.06911707
0.03801629
0.08087493
-0.06580473
0.08472393
0.0144617
-0.01223612
0.06070474
0.05527878
0.02215362
-0.1093466
-0.07930175
-0.1147043
0.0959525
0.03858085
-0.06596249
0.02737689
0.03533341
0.07041901
0.108257
-0.1136627
0.01154412
0.008540034
-0.06070583
-0.1207461
-0.08327769
-0.1062775
0.05650899
-0.05950644
0.01463929
0.01691763
0.02866264
0.05418262
0.1165482
0.1060706
0.04634161
0.1231029
0.05080029
0.04502128
0.03161235
-0.1102147
0.03546552
0.03904462
0.1080792
-0.04479515
-0.09799995
0.07274278
0.1016532
-0.1064052
-0.082839
0.1065816
0.07091454
-0.05186483
-0.02456354
0.09272157
-0.06742705
-0.09552374
0.01658076
-0.07005863
0.04300162
-0.004260764
0.05625491
-0.004788823
-0.0843605
-0.119764
-0.01300923
-0.008484371
-0.1062524
0.1148819
0.1172392
-0.06406537
0.1015766
0.1153121
-0.08619334
0.09347172
-0.02412821
0.09749949
0.02546084
0.1090893
0.1022539
-0.03102046
-0.08293077
0.03791414
-0.1016674
0.03305766
0.07100309
-0.04447255
-0.04625385
-0.1011734
0.04849763
0.01686534
-0.01847789
-0.004141077
-0.1229803
-0.08912688
-0.04146958
-0.08474565
-0.001594879
0.1028432
0.09321408
0.03548442
0.05399521
0.1117713
-0.0986444
0.1062264
-0.119995
0.08060242
-0.09067149
0.006964743
-0.00815022
-0.03992654
0.004015431
0.03249143
-0.04731248
-0.05097792
-0.04633
-0.1066592
-0.02812137
0.00758183
-0.06576711
-0.09353668
-0.08723053
0.119921
-0.05861571
-0.0246261
0.07941252
-0.01928233
0.1132924
-0.1220664
0.009941295
-0.06438256
-0.02590562
0.04761763
-0.1091247
-0.05823056
0.03998433
-0.06970207
0.01155853
-0.08289382
0.02805263
0.1154007
-0.07880105
0.07178141
0.0319768
-0.03657582
-0.1121501
0.07403068
-0.08182859
0.05299759
0.08220312
-0.05981035
0.06837572
0.1158233
0.04361032
0.06175075
-0.002285056
0.05907422
0.04538703
0.0509817
-0.09818614
0.02428736
0.09230997
-0.09360504
0.1220234
-0.06876766
0.1109791
0.08139779
0.01661618
-0.1140819
0.03403775
-0.1016279
0.006782234
-0.07022755
0.1045292
-0.05616779
0.1102644
-0.03401195
-0.03705581
0.1029601
-0.03747602
-0.1196182
-0.06245373
-0.06470515
-0.07926956
-0.05524835
-0.007758282
-0.01672892
-0.1209927
-0.04587551
0.06905448
0.1059101
0.009910896
0.08557683
-0.1097077
-0.1212347
-0.1019093
-0.110196
0.07475798
-0.02425554
-0.0225549
-0.06854787
-0.06758551
-0.09274668
-0.1060402
0.05883104
0.05840743
0.01360327
-0.1137059
-0.0252219
0.07648639
-0.09327311
-0.02886997
0.06742692
-0.03654228
-0.103568
-0.03825891
0.03201512
0.1106645
0.0522718
0.06399062
0.002708003
0.07739048
-0.0625083
-0.0581364
0.05312763
0.01346119
0.0462054
-0.08551987
0.1007639
-0.0792585
0.09546037
0.01623008
0.1121997
0.0005150139
-0.09392814
0.07296734
-0.09470705
-0.08366499
-0.01310059
0.01134422
0.1036384
-0.028023
0.02922922
0.002638102
0.0373276
0.009780079
0.06748398
-0.002880886
0.1188603
0.04202418
-0.008924402
-0.09586053
-0.1025138
0.03675383
0.09973709
-0.02093834
0.1199228
0.09038973
-0.0341678
-0.07963015
-0.112798
-0.02587686
-0.08946985
-0.0709634
0.106026
0.01549681
-0.0160697
-0.05808809
-0.06761414
-0.05153532
-0.06855187
-0.009319894
-0.001234889
-0.08407243
0.08535218
-0.094269
-0.07683875
0.0598536
0.02953599
-0.08165244
0.07097721
-0.07591371
-0.07938016
-0.06626025
0.05466591
0.0663209
-0.006256111
-0.0495541
0.02577791
0.05201019
0.07804453
-0.06009677
0.0755028
-0.05847044
-0.0008578077
0.004515305
-0.06355315
-0.02480739
0.02161208
-0.1031692
-0.09915022
0.0005720705
-0.06026675
0.04539561
-0.01442395
-0.1246045
0.03037436
0.1065586
0.07640167
0.0690061
-0.0690996
-0.0649308
-0.06414628
-0.07751535
-0.02560736
0.08811575
-0.0714967
0.1017904
-0.0006292984
-0.08529487
-0.1032471
-0.0915156
0.041134
0.005375668
-0.00457985
0.1165449
0.0401773
-0.06776445
0.04178537
-0.04416313
0.09428416
0.07296863
-0.08675848
0.007705212
-0.1075022
-0.05459485
0.109353
0.0002242327
0.07316369
0.05427042
-0.08905347
0.01218528
-0.0009557605
0.08177182
-0.003890201
0.01797533
-0.1209505
0.02801816
0.09213692
0.03602645
-0.048988
-0.04034357
0.1008219
-0.01809306
-0.1249221
0.1173654
0.08443807
0.05935758
-0.07502455
-0.005968854
-0.03978181
-0.02686119
-0.06022676
-0.004435211
0.09972194
-0.01706824
-0.1031723
0.05314851
-0.09501313
-0.0960125
0.1037627
0.05327907
-0.09637329
0.07010029
-0.1212414
0.009567648
0.03444016
0.08436218
-0.1157341
0.1024448
0.1124954
-0.1128409
-0.03490137
-0.1192411
-0.1201751
0.00962773
0.09714672
0.05633458
0.007627353
-0.0998676
-0.01403292
-0.07500455
-0.04975122
-0.04586745
-0.03094778
0.06280771
-0.05258797
-0.1215205
0.1070499
-0.111822
-0.003852345
-0.049099
-0.001968712
0.06314942
0.05726373
0.02273293
-0.06897028
-0.09427837
-0.02185166
-0.00948979
-0.04207478
-0.1249241
0.05009171
-0.05246936
0.006535754
-0.05194095
-0.1169598
-0.06598569
-0.009260081
-0.03490579
0.01078504
-0.0345069
-0.07947885
-0.1201455
0.04302041
0.05376726
-0.02196971
0.07449417
-0.02395193
-0.05904911
-0.06284438
0.03096071
0.1023123
0.1210878
-0.01870284
0.03659439
0.01412785
0.02694921
-0.05150481
-0.01790807
-0.04640199
0.0664251
-0.04681376
-0.1078829
0.06720717
-0.01410881
-9.626895E-05
-0.1222819
0.07259679
-0.1040068
0.05476755
-0.1116023
0.01273952
0.01695567
0.002392992
-0.09434544
-0.09462015
-0.006823175
-0.104871
-0.1215035
-0.08029735
-0.01846445
0.05467357
-0.08780254
-0.07164541
0.05196451
-0.1022364
0.05400388
0.09123349
0.09494136
0.0589312
-0.01890904
0.1105191
-0.116352
-0.1135038
0.06935994
-0.1126931
-0.09659599
-0.0623527
-0.06787077
-0.07113647
-0.02468784
-0.1231026
-0.04494511
0.01118335
-0.0762421
-0.1067788
-0.03964338
-0.006305166
-0.0493574
0.006214544
-0.104049
0.006820202
-0.05500128
-0.06261072
0.09706245
-0.1132485
-0.08401122
0.08876254
-0.1097573
-0.0368724
0.07089984
-0.08851536
0.1026554
-0.03793804
-0.05132342
-0.0971214
0.004091546
0.005459473
0.05803305
-0.1066523
-0.1230242
-0.06947047
0.08799978
0.07463294
0.06939049
-0.02036182
-0.02538133
0.02601412
-0.1204033
0.03374334
0.06240697
-0.06469095
0.01559089
-0.03627317
0.03798017
0.09927076
0.0405204
0.07125869
-0.08556625
0.05760841
0.09631808
-0.06035852
-0.07759537
0.09400164
-0.01703632
-0.06117249
-0.1007581
0.1179929
-0.06249323
-0.1041207
0.01412964
0.07989715
0.06066178
-0.06770509
0.00423871
0.0904215
0.04382043
-0.004634231
-0.007001199
-0.007575728
0.03713287
0.01497467
0.08416586
-0.01850067
0.02572063
0.01059079
0.02089377
0.01392861
0.04908179
-0.02559418
-0.01264181
0.05783284
-0.03397427
-0.1245753
-0.07797039
0.06233436
-0.1168751
0.1189982
-0.03333074
0.005562976
-0.04460377
-0.01837426
-0.03649265
0.1087174
-0.1053863
0.1075098
-0.0003527328
-0.04170401
0.08448811
0.07255867
-0.06954966
-0.07984537
-0.04674011
0.04700947
-0.1045245
-0.04365659
-0.01952438
0.0659053
-0.05671899
0.09737289
0.04293375
0.01031335
-0.05608886
0.08810095
0.03352112
0.0812968
-0.01112859
0.06023712
-0.1147347
0.06690435
0.08229661
0.04982227
-0.09630349
0.1124358
-0.08797196
-0.06949286
-0.07353269
0.1004485
-0.03811436
0.04321079
-0.1140565
-0.06240223
0.0544405
0.1015231
-0.08104452
-0.05779644
-0.02042705
0.04401626
0.1049491
0.0906862
-0.04314126
-0.05778041
0.05071713
-0.005703628
0.08762921
0.07008289
-0.0872854
0.0004063994
-0.04980373
-0.0616831
-0.006361581
0.06441014
-0.0519693
-0.1074162
0.1152621
0.005628064
-0.1085419
-0.03417594
0.009981424
0.0899684
-0.09512391
0.00502716
-0.02098034
0.02507022
0.08642937
-0.01966403
0.08087285
-0.03261198
0.04414546
-0.03368245
-0.02327615
0.06985515
0.08028801
-0.08042093
-0.01495439
0.01507701
0.1241051
0.03440014
-0.1001934
-0.03305484
-0.1072075
0.05106091
0.02525219
-0.1014313
-0.07542762
-0.05346662
0.1145671
0.03685673
0.111261
0.03832741
-0.07425457
-0.1112511
-0.09096517
-0.1100193
0.06081012
0.07683159
0.08819993
-0.09935308
0.03286701
-0.01770676
0.11421
0.07032658
0.08126093
0.1088787
0.08659305
0.04878326
0.1091221
-0.09654838
0.03253816
-0.02481494
0.006522924
-0.017942
-0.05898255
-0.08196373
0.07217586
-0.02118482
0.104775
-0.04454907
-0.02450216
0.01489599
-0.009231098
-0.08098388
-0.01887303
-0.1191819
-0.08442788
-0.03702504
0.03582032
0.06530729
-0.01623104
0.03321402
0.0518771
0.09845822
-0.1234669
0.04251337
-0.02226488
-0.05253404
0.0948
0.04137348
-0.06302431
0.0007891059
-0.03758875
0.08611545
-0.1206814
0.01107599
-0.09319551
0.06868744
0.07273144
0.1159986
-0.05719515
-0.04300506
0.09705663
0.007748991
0.05014908
-0.107029
0.1165243
0.0701939
-0.03580039
0.07544288
0.0683066
-0.001381904
-0.1120371
-0.08118516
0.04468267
0.1243241
0.04830797
0.03306471
-0.01947512
0.02350408
0.06530115
-0.0002900884
0.009015188
-0.06159852
-0.1065248
0.09970874
-0.07251526
0.02965344
-0.08530244
0.09505098
0.09901358
-0.02811532
0.01524352
0.04482175
-0.002497561
-0.09822598
0.06115739
-0.0808719
-0.07669086
0.1085621
0.05098903
0.03254122
0.1082663
-0.1056429
0.09806688
0.06335759
-0.01217383
-0.08140359
-0.08356722
-0.1200056
0.08776802
-0.001260228
-0.03683744
-0.07577264
-0.07430258
0.06809494
0.07297976
0.03365515
-0.01072625
0.07544035
0.09048629
-0.03812911
0.03049636
-0.005851373
0.1014293
-0.02857808
0.1083746
-0.03185882
0.04631241
0.01790865
-0.06183325
0.004179865
-0.01524442
-0.003037222
0.09751505
-0.09224007
0.01644357
-0.01034193
-0.03466539
-0.04488235
-0.01311744
-0.1161117
-0.01177934
-0.09029688
-0.117717
-0.02472619
-0.1162779
-0.03398384
-0.005875655
0.05440749
-0.04620574
-0.09749775
0.05485435
-0.02713121
-0.1069242
-0.03588187
-0.1229551
-0.01088228
-0.08207218
0.001644954
0.07998303
-0.105315
-0.00271599
0.02352414
0.0668277
-0.04141185
-0.1110158
0.09119979
-0.04828769
-0.1070625
-0.07334863
-0.04167831
-0.05667946
-0.0908439
-0.03644221
0.08159797
0.09865023
-0.004206762
-0.01313433
0.001155496
-0.0373002
0.01735842
0.09901683
0.1169049
-0.06088562
-0.0893355
0.07432552
-0.1131132
-0.02111303
0.008396924
-0.09428494
-0.09767415
-0.05326975
0.08868966
0.000134632
-0.03280243
0.01160431
0.08969653
-0.03212457
0.0486948
-0.03871039
-0.08247767
-0.1106962
-0.02381314
0.002756134
0.1204726
0.08418171
0.02069825
-0.115689
-0.06352217
-0.009532101
0.006251633
-0.122748
0.04177234
-0.08605485
-0.0623754
-0.07933185
0.005379111
-0.04059024
0.0311632
0.009262621
-0.1229026
-0.01268718
0.06831539
0.1122224
-0.1006745
-0.1134086
-0.02036911
0.03402147
0.1213602
-0.05500634
-0.1160463
-0.09708219
0.06317087
-0.08513413
-0.07982253
0.003054574
-0.002170026
-0.01085123
-0.05635818
-0.04851721
-0.07137273
-0.1224242
-0.08259086
-0.107071
0.02446343
-0.0999262
0.02995792
0.0497445
-0.06248997
-0.07847057
-0.1187748
0.005286768
0.06171224
-0.08556782
-0.04080779
0.0552095
-0.05401154
-0.01103555
-0.02156939
0.1088811
-0.02044918
0.1116768
-0.1120492
0.1164842
-0.01848581
-0.02166618
-0.06091882
0.001906455
0.1187677
0.05957003
0.04783818
-0.1087697
-0.1092321
-0.04531959
-0.04436465
0.1245216
-0.05509632
0.05038637
-0.03724102
0.1242517
-0.01836648
0.05488639
-0.02848856
0.07483079
-0.06123155
0.003666952
-0.03379442
0.02373868
0.08067366
-0.01003204
-0.06793389
-0.1161345
-0.1142818
-0.04023931
0.09693196
-0.05804951
0.114625
-0.07407504
0.03641483
-0.07887039
0.08599262
-0.09694853
0.05597682
0.002939999
-0.001308754
0.1149949
-0.01048118
-0.01796817
0.08379683
-0.04032941
-0.01469417
0.02060209
-0.09879453
-0.02082111
0.002247602
0.04966444
0.01516534
-0.06188
0.05271572
0.1028472
-0.1128718
0.04034251
0.04623279
0.003799707
0.002503917
0.03897265
-0.1194878
0.05600725
-0.01725156
-0.1113151
-0.1151034
-0.1060213
-0.1110285
-0.08337064
-0.0867409
-0.04641794
0.1239096
0.09357144
-0.04886046
-0.05122642
-0.1108519
0.1091738
0.06494185
-0.003996924
-0.1203379
0.03646402
0.1076601
0.03153928
0.08251308
-0.07773247
0.05178514
0.051505
-0.001790754
0.0585676
-0.09099862
-0.07934989
-0.01818133
-0.0728229
-0.1245639
0.0847186
0.1094827
0.05851157
0.1242834
0.07011196
-0.05022603
-0.03367288
0.006630555
0.1095761
-0.05908021
-0.07633445
0.05075486
0.0465939
0.1119805
-0.02105785
0.0886991
-0.09704551
0.1004007
-0.07477029
-0.0008624196
0.0910399
0.05631258
-0.02602711
0.09849417
-0.06451909
-0.03810029
-0.04160838
0.02076946
-0.04459607
-0.117372
0.117609
0.09676339
0.07173246
0.09313536
-0.008579068
-0.03570914
-0.04436344
0.1098904
0.1198299
-0.07877089
0.03833501
-0.09516654
0.123084
-0.03438052
0.03384753
-0.003487341
-0.1198088
0.06452455
-0.1057329
0.0948685
-0.1189531
-0.05475054
-0.06841104
0.05303952
-0.09060382
-0.09659397
0.01050983
0.08501738
0.06380248
-0.01678775
0.1163823
0.07055765
-0.07377337
0.1019481
-0.05168919
-0.04809783
0.1040224
0.07845855
-0.004440479
-0.1103487
0.008062541
-0.08193588
0.1055708
-0.1209994
0.08580257
0.06120645
0.0582286
-0.1166466
-0.06035335
0.06396826
-0.04329152
0.01886708
0.00150238
-0.01446456
-0.1234189
0.04735953
0.04017442
-0.1063071
0.05873919
-0.0369851
0.07878104
-0.00438083
-0.07891211
0.01161763
-0.07015324
0.09277736
0.1036068
-0.1038641
-0.1076913
-0.04305464
0.01749025
-0.07326731
-0.05603498
-0.1203842
-0.03819405
0.08798277
-0.03532131
-0.07241165
0.09223695
-0.02681027
-0.02982257
0.002156422
0.02037074
0.1248342
-0.09849622
-0.02748474
-0.05594473
0.06569119
0.100367
0.02595128
0.03672774
0.08532946
-0.1052806
-0.09245537
-0.06412974
-0.1125566
0.1219762
-0.03104687
0.07415384
0.1180252
0.08259961
0.03709273
0.1160447
0.1077013
-0.07852201
-0.09502421
-0.05009794
-0.003113434
-0.1012705
-0.08640167
-0.04231916
-0.01241392
-0.07354401
-0.03945056
0.1178375
-0.04837539
0.1002484
-0.07874633
-0.01488615
0.08233151
0.02372208
-0.08708437
-0.07923116
-0.008642614
0.04521762
0.05716081
-0.09298667
-0.0885796
0.06874555
-0.05063742
0.09100653
0.1207256
-0.02156549
0.09921175
0.01559012
0.0580847
0.01111169
0.03766945
0.07835624
0.121528
-0.1023868
0.07216871
0.0419617
0.0617687
-0.05672956
-0.07585834
0.03387347
0.05916992
-0.08529285
0.1092456
-0.08780506
0.07572258
0.1088393
0.1168223
-0.03069688
0.04468398
-0.008676104
-0.0003126562
-0.06251633
-0.01068281
0.1229625
-0.08651833
0.05314101
0.07436691
-0.05240821
-0.03804473
-0.1158484
-0.04775576
0.06995933
-0.06524724
0.06551293
-0.06242102
-0.03210257
-0.01141414
0.0597183
0.07655337
-0.004046068
-0.01599985
-0.07691306
-0.003924035
-0.1017127
-0.0271566
0.1217132
0.08449991
-0.08783236
-0.109716
-0.1131137
-0.01338782
0.004908636
0.09590614
-0.05823919
-0.1135757
-0.02481422
-0.03596096
0.1235655
0.1091315
-0.1059723
0.09259479
-0.01082309
0.1063152
-0.08500991
-0.04337077
0.1142106
0.1049544
-0.08126727
0.09961596
-0.01717486
-0.004746579
-0.06789596
0.01774974
-0.07626995
-0.1176763
-0.0483996
0.06640771
-0.03397015
0.02511907
-0.08323158
0.09364112
0.03719927
-0.06769218
-0.049931
0.02253939
0.0723356
0.09905317
0.117992
0.05408858
0.08739321
-0.1211416
-0.009979673
0.07558675
0.05752568
0.02835914
0.1198232
-0.05822822
-0.04391413
0.06665809
-0.0163672
-0.1082412
0.04076718
-0.06244832
0.03245883
0.01663285
-0.07049187
0.1121589
0.04717609
-0.06556293
0.05982395
0.03377807
0.1230092
-0.02655353
0.06736311
-0.07461341
-0.06960449
-0.06813091
0.03124617
0.01745071
0.009293631
-0.1098426
0.1119624
-0.01035585
-0.1127772
-0.02103324
-0.1197669
-0.01848271
0.08522406
0.0203709
-0.1124995
-0.1151714
-0.01467817
0.02437176
-0.08351374
-0.09999042
-0.07212606
-0.0253524
0.024849
0.05843614
-0.03196874
0.08517672
-0.07312292
0.05855489
0.1192646
-0.07138487
-0.1191508
-0.1084261
-0.1167764
0.007139102
-0.02703636
0.06295416
0.03552559
0.06363517
-0.06763553
-0.03152462
-0.09520359
-0.07387698
-0.07467107
-0.07150793
0.01139976
0.07299085
-0.09806518
-0.0981948
-0.07806344
0.0499953
-0.07654376
-0.02636257
-0.06803979
0.04235354
0.1225127
0.0807479
0.03202009
0.09781003
-0.07558055
0.04911691
0.08828034
-0.07159245
-0.004620485
0.08360763
-0.02688244
0.1136592
-0.02670635
-0.04691503
-0.07759275
-0.05045366
-0.02569696
0.04668666
-0.03299271
0.07301088
0.1202132
-0.1232491
-0.07568133
-0.02864307
-0.07796362
0.02004041
0.05824189
-0.09992811
0.01161833
-0.05573067
-0.1198411
0.03221177
0.08461365
-0.0341299
0.009626448
0.01721573
-0.09406593
0.06271556
0.01421572
0.008247554
0.005195051
0.1013889
0.05574352
-0.0332787
0.08037451
0.02274051
-0.02530281
0.07384986
0.1043979
0.09739022
-0.04930773
0.001769572
-0.1183699
-0.01605067
0.04714036
0.1207617
0.03142923
-0.06433684
0.05077367
0.02937904
0.115875
0.06320845
0.04178922
-0.07388982
0.07844874
0.06590579
-0.0959544
-0.1175764
0.06845851
0.03019153
-0.08138773
0.03658748
-0.09252906
0.08375973
-0.05718417
-0.1061757
-0.05399261
0.08259737
0.01598242
0.02429587
-0.07965679
0.109392
-0.07932605
0.03922811
0.118577
0.003389314
0.02558161
-0.02433568
0.04372974
0.01386471
0.1107865
0.0952709
-0.1130581
0.1098367
0.01737253
0.06698661
-0.06540036
0.004633337
0.01327257
-0.1105313
-0.006305084
-0.03272637
-0.1196087
-0.05079358
0.05377795
0.0391048
-0.03070136
-0.07712959
-0.08386651
0.02831605
0.04975435
0.07383186
0.04468074
-0.09852221
-0.01596417
-0.118517
0.01753449
-0.1224389
-0.06746687
-0.04994058
-0.08467582
0.05338128
-0.03630617
-0.07040618
0.04440501
-0.05165863
0.02464557
-0.07736575
-0.05861281
0.0008292347
0.08422469
0.06637406
-0.05567519
0.001513705
-0.09439905
0.07806958
0.1040007
0.09646752
0.1104502
-0.04552775
-0.09090932
-0.0222888
-0.06546918
-0.1095863
0.08911036
-0.08804535
-0.07440984
0.1104641
0.0008008629
0.01088956
-0.0755479
-0.06796147
-0.05289979
-0.06178686
0.09914453
0.06531362
-0.1214202
0.07579753
0.0298014
-0.01956343
-0.1105408
-0.07833561
0.1064832
0.04030426
0.06909136
0.1083803
0.004507035
-0.08183296
0.1208768
0.03096625
-0.09751771
0.04606697
-0.107889
0.1030609
-0.08403125
0.06261298
-0.006149545
-0.05171986
-0.03451655
0.007450372
-0.1022488
0.03918147
0.0468334
0.05549763
-0.04862287
0.02718616
-0.005726144
-0.1188883
0.02736916
-0.03471268
0.07448977
-0.09679683
-0.05833387
0.005013585
-0.05998698
0.1124263
-0.003772028
0.01922657
-0.05367768
0.1057301
0.03244761
-0.1175769
0.1145873
0.09483461
-0.01659273
0.003385141
-0.08507243
-0.03096066
-0.1027556
-0.08846843
-0.05353682
0.05529967
-0.01468592
-0.102649
-0.04231464
-0.02472223
-0.000169009
-0.0740144
-0.03607287
-0.08309479
-0.01089358
-0.001604632
0.01579788
0.03058952
0.08147648
0.1242791
-0.02059916
0.01209736
0.03804785
-0.07145754
-0.058615
0.09962389
-0.1230422
-0.01524664
0.1000028
-0.1096719
0.04959419
0.07699879
-0.05290964
0.072992
-0.01274142
-0.09976548
0.1088673
-0.009162404
-0.1061758
-0.1058099
0.04288909
-0.08068489
-0.07767177
0.08973525
-0.0124047
-0.05475762
-0.06970055
-0.09558289
-0.008376345
-0.09094776
-0.008374766
-0.04100225
-0.1116419
-0.01587185
-0.1010157
0.02783021
0.05599149
0.09370193
0.09514657
-0.02816071
0.05334185
-0.1244393
-0.07765174
-0.05764274
0.05068357
0.04783221
0.1038952
0.01593512
0.05464664
-0.0361281
0.0145281
-0.1000397
0.01176538
0.06228636
-0.04360998
-0.06491427
-0.03523088
0.0733126
0.06594716
0.1211426
0.04432444
0.09754071
0.1181297
0.06595053
0.02370287
-0.03440356
0.06364065
0.08796221
0.0490077
0.08442836
-0.03075697
-0.1098346
0.02069104
0.04698487
-0.03415174
0.04232837
0.1219668
0.104971
-0.08594831
0.0647631
-0.03365286
0.03936431
-0.02522952
-0.09724824
0.01952414
-0.03333505
0.07223238
-0.04892823
-0.09726187
0.08889857
-0.0619389
0.1076789
-0.09724523
0.09900393
0.05251485
0.08080114
-0.117569
-0.01860227
0.04365438
-0.03991288
0.1091916
-0.109067
0.09192742
0.09521827
0.1196289
-0.0006372556
0.004269242
0.08978051
-0.0285619
0.03906165
-0.06188112
-0.01520185
0.0342609
-0.1238159
0.0297955
-0.1200399
-0.002229773
0.09037796
-0.07857361
-0.06796208
0.01836407
-0.01243111
0.06022407
0.08510913
0.02136727
-0.01343586
0.1124106
0.04668711
0.11947
0.01004712
0.03489737
0.01556912
-0.06368341
0.07896458
0.08057155
-0.04958589
0.07243688
0.0045522
-0.09187711
-0.1048386
0.0873957
0.1074519
0.1046337
-0.01132351
0.02577968
0.07826294
-0.051582
-0.09842931
-0.05579156
0.04755472
-0.04196908
-0.08294694
-0.06502865
-0.01338354
0.06672305
-0.003377326
-0.04429104
-0.1181817
-0.05114899
0.008064717
0.01195216
0.08258213
0.09531049
0.08639099
-0.1208357
0.04754977
-0.07651844
0.08029632
-0.07938747
-0.04561862
-0.06747676
0.118218
0.05725506
-0.09873502
-0.03035779
0.0359122
0.007935211
-0.05345242
-0.06567055
0.06810433
-0.08685385
0.08583988
-0.02252133
-0.0530847
-0.0729838
-0.007155687
-0.04440223
0.07470012
-0.1127585
-0.04105113
0.1197051
0.06561859
-0.06929882
0.02505817
0.008209243
-0.1201864
-0.1128586
-0.1067573
-0.01548779
0.1032299
0.02978139
-0.006878331
0.1059582
0.1148271
-0.009968527
-0.03518711
-0.01520201
-0.09129363
-0.1080258
-0.09418914
0.1136875
-0.1158386
0.07248886
0.005746692
-0.03008142
0.05111226
-0.01989653
0.0233952
0.03437479
0.01131997
-0.033048
-0.02621856
0.06805481
0.08666366
-0.04032376
-0.008095339
0.06251684
-0.09280311
0.01805574
-0.03517135
0.02377081
-0.01030747
0.08703537
-0.04390047
-0.08667706
0.04502448
0.1048817
-0.01234838
0.08188382
0.08720331
-0.1169537
-0.07810859
0.05772588
0.1064307
-0.02973859
0.1105438
0.1181297
0.04995449
-0.06986041
0.08209698
0.0247101
-0.01125381
-0.0161321
0.09819224
0.01127791
-0.06900005
0.05006686
-0.1057055
0.03015082
0.1231268
0.02729605
-0.0473989
0.01565063
0.0521456
0.007040054
-0.001005068
-0.077874
-0.008610681
-0.03257625
0.04989409
0.07123055
0.1174518
0.06651138
0.07217148
0.003273651
-0.0799394
0.04105556
0.08662415
-0.008597746
-0.02586752
-0.001225069
-0.1124377
0.1020573
0.06095877
0.06511855
-0.08997539
-0.1191754
0.1138431
0.06982161
0.107323
0.1199576
0.08558722
0.08250082
0.08375701
-0.06509274
0.05544522
0.03124078
-0.1194197
-0.02560939
0.09626648
0.06341778
0.001740411
-0.04246926
0.005245492
-0.1141336
0.03225826
0.04723482
0.03669642
-0.03008141
-0.03378268
0.01494439
0.0884427
0.02789225
-0.06898166
-0.0006481186
0.0147337
-0.02445621
0.07969186
0.112027
-0.02798457
-0.006829701
-0.06671715
0.04656771
-0.01489924
0.05493648
0.1106433
-0.09004895
0.1077544
0.01226422
0.07282843
0.01381981
0.03547528
-0.01276646
0.02013576
0.0357147
0.1220345
0.0550316
-0.02818818
0.05009234
-0.09213971
-0.01221021
-0.0308718
0.01892455
-0.0213957
-0.03262139
-0.09348509
-0.06730503
0.02648248
-0.04059487
0.04517354
-0.04509857
0.07654892
-0.1064468
-0.1226248
-0.02190382
0.00513491
0.0801727
0.09742999
0.07530901
-0.0997769
-0.002692789
0.06448045
-0.1005678
0.02209017
0.0773975
0.1044691
-0.02379084
-0.1172435
0.02030364
0.002317354
0.0847021
-0.121268
-0.09540048
0.07916676
0.1092256
-0.1009579
0.03935832
-0.0570366
-0.1072778
0.02342156
0.05294836
0.008468568
0.02334923
0.09209067
-0.007073015
0.06227089
0.01692204
-0.01514164
-0.08296041
-0.09442021
-0.08313817
0.08260162
0.02150281
0.02486925
0.03555308
0.04830934
-0.05530401
0.1218344
0.02620681
-0.0120905
0.05530576
-0.07506151
-0.1188212
0.08208779
0.08547144
-0.04883054
0.0469494
-0.06061352
-0.1068505
-0.04594592
0.09077661
0.0122093
0.07970783
-0.07311255
-0.02772526
0.1138386
-0.08386877
-0.06765847
-0.09583681
-0.1098734
-0.03745294
0.1163508
0.0907169
-0.01027615
-0.03954448
-0.1228995
-0.01777083
0.004730269
-0.08138633
-0.0640837
0.07934611
0.04252394
0.0417566
0.02981265
0.09311581
0.003009871
0.002289727
0.06626146
-0.1183808
-0.08324248
-0.1096785
-0.04746443
-0.03329118
0.0879855
-0.06019682
0.02965254
-0.1221062
-0.03038465
-0.0724055
0.04671444
0.007178113
-0.1126455
0.09267119
0.01108021
-0.09963756
0.06395496
-0.04077842
0.01645499
-0.003367737
0.08337095
0.09394029
-0.08278088
-0.1042272
0.08223325
-0.0002920255
-0.07674733
0.09545271
-0.07510482
-0.04122835
0.09426486
-0.01345108
-0.02513022
-0.0742777
0.1124057
0.1248051
-0.1149885
0.02464196
-0.1222686
-0.07507934
0.05580299
0.1242067
-0.1123862
-0.04786423
-0.003100775
0.05373819
0.06699164
0.07485275
-0.09432362
0.004450202
-0.09583917
-0.0812117
0.1108347
-0.05537081
-0.07675172
-0.05218276
0.09810238
-0.06823724
0.009475574
-0.03672247
-0.1084495
0.05919982
0.07799859
-0.1141563
-0.04167036
-0.06483448
-0.09269167
0.08663216
0.1052655
0.01127511
-0.109649
-0.085687
-0.04350981
-0.03346566
0.06582928
0.08416426
0.08132647
0.09008335
0.02387358
-0.09650494
0.05771634
-0.02660009
0.06477632
0.04544498
-0.07038918
0.05047657
0.0007141829
-0.09475941
-0.122526
0.03958842
-0.09829728
0.07824872
-0.1098336
0.03945386
-0.09162986
0.1216032
-0.0787919
-0.1232299
0.1188061
-0.06326631
0.02142987
0.1053595
0.09458724
0.01940127
-0.01090074
0.1148478
0.08729811
0.01930039
0.003799915
-0.03591599
-0.008509234
-0.116981
0.03288917
-0.01901948
0.03056119
0.0431506
0.1194235
-0.09244637
0.08123289
0.03285307
0.05945134
-0.1229323
0.08415812
-0.05932291
-0.0154276
-0.06289778
-0.1008534
0.04203632
-0.06683581
0.0692261
0.03795616
0.07955635
0.09627722
-0.03786011
0.007065192
0.07735686
0.003812686
-0.07962494
-0.06865428
-0.06023702
0.08817846
0.1064138
0.02644067
0.03839001
-0.07690234
-0.1063163
-0.07964045
0.03418586
-0.1161073
-0.009780459
-0.1228203
-0.1113455
-0.07946276
-0.03904694
0.002282351
0.01936212
-0.1037987
0.02891015
-0.09017113
-0.07300296
0.09070122
-0.07973821
-0.0388638
0.05957381
0.05112787
0.03693442
-0.08825819
-0.05425071
0.09891534
0.07820433
-0.08566208
0.07404844
0.1012079
0.01646991
0.06967461
0.07803755
-0.02437294
-0.07923189
-0.1074206
-0.0341113
-0.1082573
-0.01003925
0.03314364
0.06794465
0.06704645
0.02430168
0.0340191
0.01032415
0.08485752
0.1127031
0.0561555
0.09990254
-0.1144538
-0.1206513
-0.02593825
0.04291667
0.02027759
0.09186687
0.1122621
0.01116323
0.1069419
0.09961025
0.06027053
-0.06931166
-0.04911838
-0.07186879
-0.08755343
0.02906734
0.01627845
0.04924482
-0.08126494
0.1004332
0.01133071
0.06894016
-0.08974563
-0.02425952
0.01211815
0.01819156
0.1175274
-0.09817382
-0.1220847
0.02641766
-0.01410824
0.1112123
-0.1029512
-0.06056462
0.06350225
0.09685923
-0.08259185
-0.09824204
-0.06724004
0.008760199
-0.06649403
0.006416202
-0.01605319
-0.08286759
0.05469023
-0.0225447
-0.007936977
0.01391524
-0.01314489
-0.1200482
0.1190457
-0.08938728
0.06896801
0.08072227
-0.03642816
-0.05839398
0.09409431
0.1233213
-0.09420149
-0.122914
0.0993395
0.08543597
0.008247912
-0.04447576
-0.0112815
0.07405826
-0.09136049
-0.1135538
-0.01037104
-0.05941266
-0.01334082
-0.01047951
-0.008515134
0.03497486
0.04192726
-0.1200855
-0.04000664
0.118122
0.04605025
-0.09033715
-0.09887147
-0.02138788
0.03997107
0.1229636
0.03237194
-0.04972096
-0.08275574
-0.05867343
0.1008635
-0.003103763
-0.1222351
-0.08091313
0.1209594
-0.06932609
0.03442071
-0.02693
0.1231683
-0.09657742
0.05341391
0.105632
-0.0561842
-0.01938321
-0.1007137
-0.07873222
0.01829259
0.004525214
0.04412785
-0.09100684
-0.08620501
-0.04134266
0.1066127
0.1009724
-0.04772898
0.1211357
0.1009575
-0.004272625
-0.0795351
0.01028435
0.04815228
-0.08656055
0.03181401
0.09231293
-0.08941731
0.1177327
-0.06217758
-0.0574277
-0.006438956
-0.06418905
-0.1244459
-0.05614273
-0.1182538
-0.06842922
-0.06029195
0.06541829
0.09084706
0.04551174
-0.04567417
-0.006296709
-0.02032904
-0.09715328
0.03115119
-0.1167489
-0.09746843
0.01720621
0.01528358
-0.09820744
0.09181586
0.1248238
-0.04528359
-0.08630667
-0.07239491
-0.01211605
-0.01972971
0.01497445
-0.05118205
-0.02349713
-0.05496591
-0.09344643
0.1084453
-0.04927971
-0.1140358
-0.0166831
-0.09156098
0.09493771
-0.04808886
0.05004187
0.03626432
0.01185273
-0.09471139
-0.06955424
-0.08359846
0.05176161
-0.09438661
0.02030556
0.007288262
0.02356292
0.06478135
0.0183765
-0.02255087
-0.08897013
-0.02424356
-0.006262735
0.1060946
0.08686081
-0.1087478
0.01886225
0.0763005
0.04973359
-0.00839965
-0.01065581
-0.02452234
-0.07722774
0.01025794
-0.09604932
-0.1081174
-0.07716571
0.09981208
-0.06740615
-0.05970494
0.0902417
-0.009471752
-0.04503687
0.09453517
-0.1007294
0.1222918
0.0008434653
-0.04272944
0.08496472
-0.1173138
0.05025503
0.03672151
0.0516576
0.05410443
0.07241549
0.09996384
0.0172269
0.002222359
-0.0534218
0.07868552
0.05804889
0.09874138
0.1115307
-0.1047476
0.04094441
0.07996811
0.1186293
-0.08349633
-0.1233373
0.00342302
-0.04054603
0.04875085
0.007187501
-0.04691857
0.01220743
0.04550162
-0.1042067
0.02420209
0.08182392
0.08956902
0.01540872
-0.06340832
0.1163358
0.04204741
0.06634532
0.07762268
0.04882006
-0.006332181
0.06284246
-0.07101316
-0.0003443509
0.04561193
0.02823387
-0.02109168
0.007246181
0.1165003
0.003997535
-0.06528924
-0.07140925
-0.05569747
-0.1213375
-0.0406602
-0.04439214
-0.04345829
0.04823221
-0.1234958
-0.095466
-0.02642383
-0.08310299
-0.09808614
0.07917053
0.1180248
0.04539844
-0.01799082
-0.0617232
-0.003542796
0.1074056
-0.0555167
-0.04609294
0.08832173
-0.09385195
-3.854185E-05
-0.0213388
0.07267587
-0.1212326
0.03884204
-0.104483
-0.09672082
0.07083525
0.0207071
-0.08349591
0.08608256
-0.02938866
0.01252139
0.08590652
-0.06893108
0.1059838
0.03479408
0.1188152
0.06484114
0.04808868
-0.04975611
-0.04822919
0.03592861
-0.02518369
0.006630838
-0.1247865
-0.07877532
-0.08436848
-0.114211
-0.1159053
-0.06548576
0.1058037
-0.03473099
-0.08684552
0.003701046
0.1056786
0.007932007
-0.04722566
-0.1156098
0.1059872
-0.1237452
0.02774091
0.0211899
0.1104098
0.118088
0.02241348
-0.09212294
0.02110267
-0.1177921
0.01547338
-0.05238848
-0.0493319
0.01406592
-0.08476695
0.08090416
-0.07680935
0.0677326
-0.02714045
-0.002863467
0.03862853
0.09929229
0.1126477
0.06004629
0.01161237
0.1069898
0.1052789
-0.1196577
-0.0256331
-0.04279453
-0.04960968
-0.02694818
-0.04298027
0.109425
0.08385393
0.04683386
0.04750298
0.05558091
0.05051883
-0.01827165
0.1092174
0.09233643
0.02512202
-0.09157638
-0.004684411
0.0614832
0.1088461
-0.03326223
-0.07496404
-0.04274968
-0.0444896
-0.087054
-0.08992755
0.0806378
-0.02923836
-0.1183051
-0.1113928
0.09269464
-0.1154225
-0.1215801
-0.1121909
0.01707116
0.05851015
-0.06110281
0.05681758
-0.08257844
0.1155918
-0.03375691
0.05521199
-0.006600805
-0.09159882
-0.007390261
-0.1077862
0.1161312
0.01291917
0.0712921
-0.05082973
0.07922404
-0.06026931
0.07512915
0.1231437
0.0135411
0.08030637
-0.1078834
-0.1233049
-0.08755568
-0.06202063
0.001381934
0.01366338
0.07715903
0.0332267
0.07980834
0.04600337
0.04709889
-0.03108075
-0.0328538
-0.09117372
-0.03877517
-0.02339394
-0.04710597
0.07089143
0.01760304
0.03652579
0.05663677
-0.07615086
0.08790065
-0.1042678
-0.08105876
-0.05728137
0.02446954
0.05752464
-0.06561688
0.02796395
-0.06555162
-0.1197238
-0.0007320121
0.06176479
0.04139358
-0.06279789
0.01937325
0.1044422
-0.01079015
0.07757971
0.103053
0.08517249
-0.04640716
0.07160637
-0.02988512
0.02221195
-0.07922702
0.03746583
0.1129454
-0.02238202
0.1118367
-0.1207623
-0.01945932
0.1020153
-0.1013304
0.09326746
-0.08620559
-0.1082879
-0.1059619
-0.06633669
0.1141938
-0.1053656
-0.02615643
-0.0731556
-0.013445
0.04182269
0.09465127
0.03038141
-0.007567294
-0.1009773
0.0822328
-0.02654815
-0.04331843
0.06502333
0.05847283
0.09646428
0.0952563
-0.1087057
0.05061735
0.02172929
-0.1030544
0.1120037
0.0695792
0.08176515
0.04112729
-0.06978935
0.02473554
0.02225266
0.03809521
0.07312612
-0.1015923
0.002661154
0.08540405
-0.06945346
0.08838588
0.08341856
-0.01367109
-0.09825156
-0.03994863
0.0532922
0.05256069
0.01539156
-0.07996689
0.08892272
0.02038518
0.0133848
0.04755616
0.04051735
-0.08145751
-0.07279469
0.1230112
-0.1024999
-0.03390525
-0.002691157
-0.08828233
-0.1228099
-0.0499448
0.01707843
0.01071711
-0.06865565
-0.1079129
-0.0526014
0.1172862
0.04430659
-0.124385
-0.04542834
0.01304778
-0.09886497
0.1016375
0.1000543
-0.01486464
0.06850787
0.05624293
0.1223252
0.0941686
0.006554082
0.0669706
0.1056565
-0.06362002
-0.09725752
0.007654488
0.1092182
-0.02128982
-0.01411011
0.07511497
-0.1240924
-0.08843359
-0.03690478
-0.1061711
0.08619575
0.008363351
0.09425049
0.01603132
-0.09629298
0.03620505
-0.01983792
0.02310535
0.0007265359
0.08830771
-0.05918649
-0.124663
0.02142113
0.06387988
-0.05651179
0.06706995
-0.07049671
-0.03374281
-0.0312304
0.02814023
0.03016359
-0.06478047
-0.03060126
-0.04430155
-0.01702537
0.04868987
-0.09213106
0.09368841
0.006396323
0.09419161
0.1247074
-0.08199474
-0.07504742
-0.1176939
-0.1095583
-0.03330908
0.01588488
-0.07252347
0.02753592
-0.03887989
-0.01099347
0.1084487
-0.05875593
-0.1076512
0.1205665
-0.09759454
0.1112334
-0.07966168
-0.08977804
0.04381993
0.02061167
0.03465039
0.06779681
0.05995499
-0.01133469
0.02597623
-0.08603539
0.01355202
-0.0919433
-0.01998284
0.003336102
0.01147367
-0.108291
0.03153493
0.08860028
-0.1021917
0.07538444
0.01411499
0.04843818
0.1017973
-0.07381493
-0.1229732
0.06372128
-0.1173505
-0.08586629
0.04671486
0.1189755
-0.04795002
-0.039868
-0.04443083
0.06245652
0.1125306
0.05846645
0.08757639
-0.05142007
-0.03494295
-0.02479156
-0.0100024
0.01864085
-0.01053452
-0.07227369
-0.1226671
-0.1055802
-0.07748124
0.082784
0.1025328
0.0917397
0.03470914
-0.07125152
0.0977582
-0.04797898
-0.02788164
-0.003099859
-0.06657532
-0.007365145
0.01858492
0.0959291
0.06014733
0.02082127
0.06695046
0.03200077
0.08691464
-0.07157996
0.07748753
0.04256064
0.01580548
0.07800722
-0.07086736
-0.04204501
-0.001456767
0.04759982
-0.03961315
0.1204741
-0.06602731
0.04907098
-0.07614777
0.1076069
0.01620252
-0.07513452
-0.06339915
0.07997516
-0.04073369
-0.1016985
-0.01262621
-0.1214518
-0.03466184
-0.009369515
4.176795E-05
-0.03005847
0.05499502
-0.005872063
0.04006112
0.09417632
0.07669039
0.08246471
-0.03418833
0.07391281
-0.05806769
0.004958123
-0.05802148
-0.1004744
0.03760706
-0.04824584
0.05520524
-0.07484162
0.1166342
-0.02335578
-0.06207255
0.009353697
-0.05621737
0.03597799
-0.04527342
0.01028183
-0.04077958
0.1119753
-0.05226554
0.06361313
0.06604624
0.07393937
-0.04777752
-0.09982501
-0.04703455
0.08419111
0.02795997
-0.1205847
-0.1174613
-0.008789465
-0.08121625
-0.02349202
-0.04174068
-0.02506059
0.04067463
-0.1137556
0.107887
-0.08792478
-0.0826319
-0.1174878
-0.03190374
-0.06278459
-0.113086
0.1136939
-0.07229696
0.1156881
-0.09884109
-0.105983
-0.08559865
-0.09522072
0.009955898
0.08971509
0.00973025
0.02719854
-0.1171334
-0.00700707
-0.07226436
-0.08319648
0.07156017
0.07841595
0.04879418
0.05078995
-0.08238032
0.0004236251
-0.06713954
0.08641946
-0.07390563
0.09384321
0.1203034
-0.05651782
0.02739488
-0.0778548
0.0696072
-0.05977768
-0.02948312
0.003830835
0.06202538
-0.03647146
0.09747195
-0.03772262
0.0580322
0.008942947
0.09001394
0.1027594
0.1062546
-0.04593135
0.09177774
0.05606079
-0.03292716
-0.0773183
0.08350876
0.06608345
-0.03448496
-0.03604785
-0.04128204
0.0423063
-0.1054043
0.01149036
0.05583347
-0.03371643
0.0645937
-0.06768431
-0.1012863
0.09591918
0.002384409
-0.03718931
-0.1048921
-0.05549207
-0.06831835
0.004035741
0.05596755
0.0892071
-0.05566843
-0.01571719
-0.1046163
-0.08514875
0.08577602
-0.06013975
0.01916899
0.1037918
0.1196417
-0.004966415
0.001770362
0.07262166
-0.01502659
0.08631143
0.08163017
-0.01934495
0.1065044
0.05321057
-0.01576489
-0.07446498
0.03269507
0.006188393
0.02268367
0.0007165074
-0.01477073
0.1190948
-0.02462499
0.01844396
-0.06603924
0.0222698
-0.0006208643
0.0880371
-0.008285858
0.1193017
-0.003248133
0.1062322
-0.05643159
-0.08113328
0.08153029
0.07973547
0.1173214
0.07704166
-0.02835815
-0.05543988
0.05554533
-0.04890799
-0.01405423
0.04107298
0.00618051
0.03945285
-0.03699642
0.003471076
-0.1051994
0.005432531
-0.06848798
0.06314318
0.08659914
0.01966724
0.05462198
0.09168126
0.08948524
-0.124275
0.04483105
-0.02762808
0.1206544
0.03873326
-0.04409248
-0.009328254
-0.03544044
0.1003979
-0.08791336
0.06263763
0.09668028
0.02949964
-0.06678635
0.08065343
-0.09045345
-0.04687645
0.07017118
-0.09086275
0.008148983
0.05930203
-0.1127366
0.01950791
-0.06573378
0.1209081
0.06823649
0.1112816
0.06278965
0.05860868
-0.1053669
0.04890117
-0.01075526
0.114849
0.1152502
0.1165963
-0.09278941
0.1242699
-0.05109434
-0.1081879
0.1201845
0.120274
-0.04848658
0.03078258
0.0023662
0.02536595
0.03179079
-0.009699002
-0.05278111
-0.0241414
0.02859664
0.008475587
0.07449606
0.02048472
-0.04146773
-0.09481679
0.1134616
-0.09967685
-0.0868943
0.1247464
0.09549677
-0.03037409
0.05288211
0.03095087
0.08076485
-0.01181453
-0.05160711
0.1068312
0.03924941
-0.05838269
0.04844283
-0.08972338
-0.1207821
0.05335911
-0.08604724
0.01287496
-0.01721139
-0.01851914
-0.1078583
0.03390026
-0.03588272
-0.04706452
0.03906271
-0.03806895
-0.09498795
0.01115751
0.09940511
0.09376003
0.03131679
0.08506702
-0.1218653
-0.1181126
0.08616422
-0.05084072
-0.0786847
0.02555858
-0.05760808
0.04556255
0.07501774
-0.1108193
-0.04802693
0.04995954
0.07605159
-0.1193984
0.05241576
-0.006679989
0.004257694
-0.103863
-0.01846804
0.0706573
0.0473946
0.006980732
-0.1168186
0.004205436
0.03562911
0.0175613
0.0555632
-0.03404894
0.0009388328
-0.05539268
0.01378036
-0.02036714
-0.04948553
0.07918239
-0.06151743
0.04155539
-0.0508876
0.05505861
0.007043809
0.01339418
-0.05451696
0.06222606
0.03146312
-0.122039
-0.0430728
0.03915773
0.001883879
0.03346114
0.03451528
0.03669204
-0.1181002
0.07826817
-0.01277194
0.08565947
-0.08732759
-0.00384599
0.123706
-0.04304121
0.03853017
0.028754
0.09499538
0.1014409
-0.08037628
0.005410418
0.0004003793
0.0973402
-0.02555492
0.1218692
0.06711902
-0.1141396
-0.08079239
0.07419908
0.01409315
0.09313779
0.0001742691
0.1101685
0.1005176
-0.1197795
-0.07772177
0.1214714
-0.1093226
-0.1028979
0.05643576
0.08924679
-0.06229249
0.06051219
0.1174048
-0.01014502
0.04150999
0.06732856
0.04284939
0.1171536
-0.1084716
0.1032898
0.0433988
-0.03095784
0.01760234
-0.09894729
0.002560601
-0.015413
-0.06028735
0.005014673
0.09134212
0.02365491
-0.007515579
-0.06729926
-0.06082498
0.01909028
-0.03951479
-0.07249613
0.02063639
0.1184855
-0.09031944
0.0420588
0.01307659
0.07289332
-0.07999489
-0.04462308
-0.0572971
0.06488819
0.1049354
0.1095901
-0.04464077
0.1247905
-0.03198902
-0.072946
0.05767064
0.03580335
-0.07526101
-0.0938679
-0.0324338
0.0744649
0.002659872
0.06269124
0.05675872
0.01066273
-0.06924006
-0.09221914
-0.02823763
-0.1199932
-0.003662832
-0.02668547
-0.09563023
-0.01099388
-0.07830784
0.04936387
0.08247305
-0.02553036
-0.03478678
0.09550548
-0.07596295
-0.06277458
0.08334981
0.06267241
0.004651606
-0.04487745
-0.07534455
0.09155168
-0.06935607
-0.05956957
3.010035E-05
0.02837168
-0.03064871
-0.07064689
0.08493766
0.07117149
-0.009174354
-0.02801068
